01,000143149,2018-08-31T12:10:00-03:00,19033779873
02,000143148,2018-08-31T12:09:00-03:00,12117126326
03,000143147,2018-08-31T12:08:00-03:00,12510559917
04,000143146,2018-08-31T12:08:00-03:00,19033779873
05,000143145,2018-08-31T12:07:00-03:00,13704140421
06,000143144,2018-08-31T12:07:00-03:00,12149694818
07,000143143,2018-08-31T12:07:00-03:00,12149694818
08,000143142,2018-08-31T12:04:00-03:00,17020913715
09,000143141,2018-08-31T12:03:00-03:00,14588829838
10,000143140,2018-08-31T12:03:00-03:00,12867157848
11,000143139,2018-08-31T12:02:00-03:00,17015783256
12,000143138,2018-08-31T12:02:00-03:00,12869369362
13,000143137,2018-08-31T12:01:00-03:00,19059801833
14,000143136,2018-08-31T12:00:00-03:00,19039594557
15,000143135,2018-08-31T11:58:00-03:00,20689828629
16,000143134,2018-08-31T11:57:00-03:00,19060550679
17,000143133,2018-08-31T11:55:00-03:00,17032680567
18,000143132,2018-08-31T11:52:00-03:00,10103507067
19,000143131,2018-08-31T11:50:00-03:00,16879389288
20,000143130,2018-08-31T11:34:00-03:00,10733672342
21,000143129,2018-08-31T11:27:00-03:00,17032680567
22,000143128,2018-08-31T11:07:00-03:00,13871867429
23,000143127,2018-08-31T10:59:00-03:00,16385048889
24,000143126,2018-08-31T10:31:00-03:00,17015783167
25,000143125,2018-08-31T10:00:00-03:00,13040091424
26,000143124,2018-08-31T09:56:00-03:00,12979462421
27,000143123,2018-08-31T09:44:00-03:00,17032818542
28,000143122,2018-08-31T09:33:00-03:00,12963717425
29,000143121,2018-08-31T09:15:00-03:00,17028530467
30,000143120,2018-08-31T09:00:00-03:00,19049177746
31,000143119,2018-08-31T08:56:00-03:00,17000542770
32,000143118,2018-08-31T08:48:00-03:00,19039594557
33,000143117,2018-08-31T08:46:00-03:00,12117247891
34,000143116,2018-08-31T08:44:00-03:00,12737633429
35,000143115,2018-08-31T08:44:00-03:00,19027497047
36,000143114,2018-08-31T08:43:00-03:00,12871856429
37,000143113,2018-08-31T08:41:00-03:00,17066902090
38,000143112,2018-08-31T08:36:00-03:00,17000542703
39,000143111,2018-08-31T08:31:00-03:00,13618579429
40,000143110,2018-08-31T08:28:00-03:00,19033779873
41,000143109,2018-08-31T08:27:00-03:00,12510559917
42,000143108,2018-08-31T08:25:00-03:00,10254443521
43,000143107,2018-08-31T08:25:00-03:00,12582356923
44,000143106,2018-08-31T08:24:00-03:00,13204077429
45,000143105,2018-08-31T08:23:00-03:00,20689828629
46,000143104,2018-08-31T08:21:00-03:00,12593141427
47,000143103,2018-08-31T08:21:00-03:00,17015783264
48,000143102,2018-08-31T08:19:00-03:00,12973569429
49,000143101,2018-08-31T08:18:00-03:00,19035061740
50,000143100,2018-08-31T08:17:00-03:00,12869369362
51,000143099,2018-08-31T08:15:00-03:00,20448988636
52,000143098,2018-08-31T08:14:00-03:00,10624695791
53,000143097,2018-08-31T08:11:00-03:00,10691619899
54,000143096,2018-08-31T08:10:00-03:00,12941513428
